Ortiz Ramon 0 1 0 0 0 0 0 0 0 0 2 S R 6 1 3 4 6 7 12 13 16 17 17 18 19 20 23 24 24
Shields Scot 0 1 0 0 0 0 0 0 0 0 4 S R 5 1 3 4 7 8 14 15 16 17 17 18 19 20 25 26 26
Washburn Jarrod 0 1 0 0 0 0 0 0 0 0 4 S L 6 1 4 5 7 8 12 13 16 0 0 17 18 19 22 23 23
Dessens Elmer 0 1 0 0 0 0 0 0 0 0 1 S R 5 1 1 2 4 5 12 13 16 17 17 18 19 20 24 25 25
Schilling Curt 0 1 0 0 0 0 0 0 0 0 4 S R 7 1 1 2 7 8 12 13 17 18 18 19 20 21 24 25 25
King Ray 0 1 0 0 0 0 0 0 0 0 4 R L 1 1 3 4 7 8 15 16 17 18 18 19 23 24 26 27 27
Maddux Greg 0 1 0 0 0 0 0 0 0 0 4 S R 6 1 1 2 4 5 13 14 17 0 0 18 19 20 24 25 25
Ortiz Russ 0 1 0 0 0 0 0 0 0 0 3 S R 6 1 4 5 8 9 14 15 16 17 17 18 19 20 25 26 26
Driskill Travis 0 1 0 0 0 0 0 0 0 0 2 R R 2 1 2 3 6 7 13 14 16 17 17 18 19 20 23 24 24
Hentgen Pat 0 1 0 0 0 0 0 0 0 0 3 S R 6 1 1 2 4 5 10 11 15 16 17 18 19 20 23 24 24
Julio Jorge 0 1 0 0 0 0 0 0 0 0 2 C R 1 1 2 3 7 8 13 14 18 19 20 21 22 23 23 24 24
Lopez Rodrigo 0 1 0 0 0 0 0 0 0 0 1 S R 6 1 3 4 7 8 14 15 16 17 17 18 19 20 23 24 24

