Anderson Garrett 0 0 0 0 0 0 0 2 0 2 L 11 11 1 1 2 4 5 6 7 8 9 15 0 0 16 18 0 0 19 20
Eckstein David 0 0 0 0 0 0 2 0 0 0 R 9 15 1 1 2 4 5 6 7 9 10 17 18 18 19 20 0 0 21 21
Erstad Darin 0 0 0 0 0 0 0 0 3 0 L 9 12 1 1 2 4 5 6 7 9 10 18 0 0 19 19 0 0 20 20
Glaus Troy 0 0 0 0 0 -1 0 0 0 0 R 10 12 1 2 3 4 5 6 7 11 12 16 0 0 17 18 0 0 19 20
Molina Bengie 0 0 11 0 0 0 0 0 0 0 R 9 9 1 1 2 4 5 8 9 9 10 17 0 0 18 19 0 0 20 20
Owens Eric 0 0 0 0 0 0 0 -1 -1 -1 R 9 13 1 1 2 5 6 7 8 9 10 18 19 19 20 20 0 0 21 21
Salmon Tim 0 0 0 0 0 0 0 1 1 1 R 11 10 1 1 2 4 5 7 8 12 13 17 0 0 18 19 0 0 20 20
Spiezio Scott 0 0 0 -1 0 1 0 0 0 0 S 9 11 1 1 2 3 4 5 6 9 10 15 0 0 16 18 19 19 20 20
Barajas Rod 0 0 8 0 0 0 0 0 0 0 R 10 8 1 2 3 4 5 8 9 11 12 17 0 0 18 19 0 0 20 20
Cintron Alex 0 0 0 0 0 1 3 0 0 0 S 11 13 1 1 2 4 5 6 7 8 9 16 0 0 17 18 19 19 20 20
Finley Steve 0 0 0 0 0 0 0 0 -1 0 L 10 14 1 1 2 3 4 5 6 9 10 15 16 16 17 18 19 19 20 20
Gonzalez Luis 0 0 0 0 0 0 0 1 0 1 L 13 12 1 1 2 4 5 7 8 12 13 17 0 0 18 19 0 0 20 20
Grace Mark 0 0 0 1 0 0 0 0 0 0 L 9 9 0 0 1 3 4 6 7 10 11 18 0 0 19 22 0 0 23 23
Hillenbrand Shea 0 0 0 0 0 1 0 0 0 0 R 9 10 1 1 2 4 5 6 7 9 10 16 0 0 17 18 0 0 19 20
Kata Matt 0 0 0 0 3 1 0 0 0 0 S 9 12 1 1 2 4 5 6 7 10 11 16 0 0 17 18 19 19 20 20
McCracken Quinton 0 0 0 0 0 0 0 -1 0 -1 S 9 11 1 2 3 6 7 8 9 11 12 19 0 0 20 20 0 0 21 21
Castilla Vinny 0 0 0 0 0 2 0 0 0 0 R 9 9 1 1 2 4 5 6 7 8 9 16 0 0 17 18 0 0 19 20
Fick Robert 0 0 0 1 0 0 0 0 0 0 L 9 9 1 1 2 3 4 5 6 9 10 16 0 0 17 18 0 0 19 20
Furcal Rafael 0 0 0 0 0 0 4 0 0 0 S 10 20 1 1 2 4 5 6 7 9 10 14 15 16 17 18 19 19 20 20
Giles Marcus 0 0 0 0 4 0 0 0 0 0 R 12 14 1 1 2 4 5 6 7 9 10 15 16 16 17 19 0 0 20 20
Jones Andruw 0 0 0 0 0 0 0 0 3 0 R 9 10 1 1 2 3 4 5 6 9 10 16 0 0 17 18 0 0 19 20
Jones Chipper 0 0 0 0 0 0 0 -1 0 -1 S 13 9 1 1 2 4 5 7 8 12 13 17 0 0 18 19 0 0 20 20
Lopez Javy 0 0 7 0 0 0 0 0 0 0 R 12 10 1 2 3 4 5 6 7 9 10 15 0 0 16 17 0 0 18 20
Sheffield Gary 0 0 0 0 0 0 0 1 0 1 R 13 16 1 1 2 4 5 6 7 10 11 15 16 16 17 18 0 0 19 20
Batista Tony 0 0 0 0 0 1 0 0 0 0 R 9 10 1 2 3 4 5 8 9 10 11 17 0 0 18 18 0 0 19 20
Cruz Deivi 0 0 0 0 0 0 2 0 0 0 R 9 9 1 1 2 5 6 8 9 9 10 17 0 0 18 19 0 0 20 20
Fordyce Brook 0 0 5 0 0 0 0 0 0 0 R 9 9 1 1 2 4 5 6 7 9 10 18 0 0 19 19 0 0 20 20
Gibbons Jay 0 0 0 0 0 0 0 1 0 1 L 9 8 1 1 2 3 4 5 6 8 9 15 0 0 16 18 0 0 19 20
Matos Luis 0 0 0 0 0 0 0 0 2 0 R 11 14 1 2 3 4 5 6 7 9 10 16 17 17 18 19 0 0 20 20
Mora Melvin 0 0 0 0 0 0 0 2 2 2 R 13 14 1 2 3 5 6 7 8 11 12 17 18 18 19 19 0 0 20 20
Roberts Brian 0 0 0 0 3 0 0 0 0 0 S 10 18 1 1 2 4 5 6 7 10 11 16 17 18 19 20 0 0 21 21
Surhoff B.J. 0 0 0 -1 0 0 0 -1 -1 -1 L 10 9 1 1 2 4 5 6 7 9 10 17 0 0 18 19 0 0 20 20
Damon Johnny 0 0 0 0 0 0 0 0 1 0 L 10 19 1 1 2 4 5 6 7 10 11 15 16 17 18 19 0 0 20 20
Garciaparra Nomar 0 0 0 0 0 0 2 0 0 0 R 11 16 1 1 2 3 4 6 7 8 9 14 15 15 16 17 18 18 19 20
Mueller Bill 0 0 0 0 0 1 0 0 0 0 S 12 12 1 1 2 4 5 6 7 10 11 16 0 0 17 19 0 0 20 20
Nixon Trot 0 0 0 0 0 0 0 -1 0 -1 L 12 10 1 2 3 4 5 7 8 11 12 16 0 0 17 18 0 0 19 20
Ortiz David 0 0 0 -1 0 0 0 0 0 0 L 11 8 1 2 3 4 5 7 8 11 12 15 0 0 16 18 0 0 19 20
Ramirez Manny 0 0 0 0 0 0 0 -1 0 -1 R 13 10 1 1 2 3 4 6 7 11 12 16 0 0 17 18 0 0 19 20
Varitek Jason 0 0 6 0 0 0 0 0 0 0 S 10 10 1 2 3 4 5 6 7 10 11 15 0 0 16 18 0 0 19 20
Walker Todd 0 0 0 0 2 0 0 0 0 0 L 10 10 1 1 2 3 4 5 6 8 9 16 0 0 17 19 0 0 20 20
